0: 8 11
1: 54 73 | 117 85
2: 54 13 | 117 99
3: 89 54 | 109 117
4: 94 117 | 94 54
5: 56 56
6: 62 54 | 7 117
7: 4 54 | 22 117
8: 42 | 42 8
9: 69 117 | 81 54
10: 108 54 | 41 117
11: 42 31 | 42 11 31
12: 54 117 | 54 54
13: 117 104 | 54 40
14: 54 29 | 117 68
15: 54 94 | 117 94
16: 117 27 | 54 15
17: 117 54 | 54 54
18: 54 39 | 117 46
19: 54 17 | 117 94
20: 91 56
21: 54 118 | 117 40
22: 64 54 | 104 117
23: 86 54 | 130 117
24: 54 113 | 117 21
25: 117 80 | 54 121
26: 126 54 | 76 117
27: 12 54 | 104 117
28: 12 54
29: 133 117 | 48 54
30: 18 54 | 102 117
31: 54 75 | 117 1
32: 54 37 | 117 114
33: 86 117 | 86 54
34: 54 12 | 117 64
35: 50 117 | 119 54
36: 117 38 | 54 110
37: 97 117
38: 40 56
39: 97 117 | 12 54
40: 117 117 | 54 56
41: 103 54 | 49 117
42: 115 54 | 25 117
43: 104 54 | 53 117
44: 82 117 | 26 54
45: 54 130 | 117 53
46: 64 54 | 66 117
47: 67 117 | 59 54
48: 56 17
49: 17 117 | 104 54
50: 117 97 | 54 94
51: 117 71 | 54 3
52: 30 54 | 124 117
53: 117 117 | 54 54
54: "a"
55: 54 40 | 117 118
56: 54 | 117
57: 54 95 | 117 96
58: 54 93 | 117 84
59: 117 13 | 54 77
60: 54 94 | 117 66
61: 117 74 | 54 23
62: 119 54 | 60 117
63: 54 97 | 117 40
64: 56 54 | 117 117
65: 24 54 | 57 117
66: 56 54 | 54 117
67: 54 19 | 117 132
68: 22 54 | 79 117
69: 117 78 | 54 33
70: 117 97 | 54 118
71: 107 54 | 134 117
72: 117 118 | 54 118
73: 117 14 | 54 135
74: 97 54 | 86 117
75: 87 117 | 51 54
76: 27 117 | 70 54
77: 97 54 | 66 117
78: 117 12 | 54 118
79: 91 117 | 64 54
80: 117 129 | 54 9
81: 122 117 | 28 54
82: 54 2 | 117 128
83: 54 92 | 117 112
84: 120 54 | 55 117
85: 54 47 | 117 65
86: 54 54
87: 58 54 | 100 117
88: 56 66
89: 106 117 | 34 54
90: 54 94 | 117 86
91: 117 54 | 117 117
92: 54 40 | 117 64
93: 117 72 | 54 45
94: 117 54
95: 97 54
96: 17 54 | 66 117
97: 54 117
98: 5 117 | 91 54
99: 54 91 | 117 12
100: 61 117 | 36 54
101: 40 117 | 12 54
102: 54 111 | 117 43
103: 54 130 | 117 118
104: 56 117 | 117 54
105: 54 20 | 117 98
106: 97 117 | 66 54
107: 117 123 | 54 111
108: 117 88 | 54 122
109: 54 90 | 117 125
110: 117 66 | 54 17
111: 118 54 | 12 117
112: 12 117 | 66 54
113: 130 117 | 118 54
114: 54 17 | 117 86
115: 54 44 | 117 52
116: 117 101 | 54 133
117: "b"
118: 117 117
119: 97 54 | 17 117
120: 130 117 | 64 54
121: 117 6 | 54 10
122: 94 117 | 40 54
123: 66 117 | 53 54
124: 117 32 | 54 83
125: 117 91 | 54 12
126: 131 117 | 63 54
127: 91 54 | 64 117
128: 117 48 | 54 127
129: 16 54 | 116 117
130: 117 117 | 54 117
131: 104 54 | 86 117
132: 117 104 | 54 17
133: 66 56
134: 33 54 | 127 117
135: 105 117 | 35 54
